<?xml version="1.0" encoding="UTF-8" standalone="no" ?>
<SimscapeMultibodyImportXML version="2.0" xmlns="urn:mathworks:SimscapeMultibody:import" xmlns:xsi="http://www.w3.org/2001/XMLSchema-instance">
<Created by="" on="07/17/23||17:59:51" using="Simscape Multibody Link Version 7.4" from="SolidWorks 30.2.0"/>
<ModelUnits mass="kilogram" length="inch"/>
<DataUnits mass="kilogram" length="meter"/>
<RootAssembly name="Airframe" uid="Airframe" version="355">
<AssemblyFile name="Airframe.SLDASM" type="SolidWorks Assembly"/>
<InstanceTree>
<Instance name="Coupler-1" uid="Coupler-1" entityUid="Coupler*:*Default">
<Transform>
<Rotation>2.4071657236243466e-16 0 -1 0 1 0 1 0 2.4071657236243466e-16</Rotation>
<Translation>0.34516237212445888 0.024402210444748107 -0.012839776216310465</Translation>
</Transform>
<VisualProperties>
<Ambient r="0.792156862745098" g="0.81960784313725488" b="0.93333333333333335" a="0.25"/>
<Diffuse r="0.792156862745098" g="0.81960784313725488" b="0.93333333333333335" a="0.25"/>
<Specular r="0.396078431372549" g="0.40980392156862744" b="0.46666666666666667" a="0.25"/>
<Emissive r="0" g="0" b="0" a="0.25"/>
<Shininess>0.3125</Shininess>
</VisualProperties>
</Instance>
<Instance name="Airframe_2ndStage-2" uid="Airframe_2ndStage-2" entityUid="Airframe_2ndStage" rigid="true">
<Transform>
<Rotation>8.4702642149013087e-16 -1 1.6570104408911742e-16 3.6082248300317572e-15 1.6570104408912048e-16 1 -1 -8.4702642149013028e-16 3.6082248300317572e-15</Rotation>
<Translation>1.1591317608620493 -1.6813836757245373 -0.61234544100489208</Translation>
</Transform>
<Instance name="Fin_Stage2-6" uid="Fin_Stage2-6" entityUid="Fin_Stage2*:*Default">
<Transform>
<Rotation>8.4702642149013087e-16 3.6082248300317572e-15 -1 -1 1.6570104408912048e-16 -8.4702642149013028e-16 1.6570104408911742e-16 1 3.6082248300317572e-15</Rotation>
<Translation>-0.59633066478857488 -0.48990561126240961 1.7212858861692879</Translation>
</Transform>
<VisualProperties>
<Ambient r="1" g="0.50196078431372548" b="0.50196078431372548" a="1"/>
<Diffuse r="1" g="0.50196078431372548" b="0.50196078431372548" a="1"/>
<Specular r="0.5" g="0.25098039215686274" b="0.25098039215686274" a="1"/>
<Emissive r="0" g="0" b="0" a="1"/>
<Shininess>0.3125</Shininess>
</VisualProperties>
</Instance>
<Instance name="Fin_Stage2-8" uid="Fin_Stage2-8" entityUid="Fin_Stage2*:*Default">
<Transform>
<Rotation>-1.1804485151857071e-16 6.9737720420082033e-15 1 -1 0 -1.180448515185498e-16 0 -1 6.9737720420082033e-15</Rotation>
<Translation>-0.60268066478857607 -0.48990561126240961 1.6902858861692871</Translation>
</Transform>
<VisualProperties>
<Ambient r="1" g="0.50196078431372548" b="0.50196078431372548" a="1"/>
<Diffuse r="1" g="0.50196078431372548" b="0.50196078431372548" a="1"/>
<Specular r="0.5" g="0.25098039215686274" b="0.25098039215686274" a="1"/>
<Emissive r="0" g="0" b="0" a="1"/>
<Shininess>0.3125</Shininess>
</VisualProperties>
</Instance>
<Instance name="Fin_Stage2-7" uid="Fin_Stage2-7" entityUid="Fin_Stage2*:*Default">
<Transform>
<Rotation>0 -1 3.48229070316507e-15 -1 0 -1.180448515185498e-16 1.1804485151857076e-16 -3.48229070316507e-15 -1</Rotation>
<Translation>-0.61500566478857599 -0.48990561126240961 1.7089608861692875</Translation>
</Transform>
<VisualProperties>
<Ambient r="1" g="0.50196078431372548" b="0.50196078431372548" a="1"/>
<Diffuse r="1" g="0.50196078431372548" b="0.50196078431372548" a="1"/>
<Specular r="0.5" g="0.25098039215686274" b="0.25098039215686274" a="1"/>
<Emissive r="0" g="0" b="0" a="1"/>
<Shininess>0.3125</Shininess>
</VisualProperties>
</Instance>
<Instance name="Fin_Stage2-5" uid="Fin_Stage2-5" entityUid="Fin_Stage2*:*Default">
<Transform>
<Rotation>0 1 3.5006719745211967e-15 -1 0 -1.180448515185498e-16 -1.1804485151857076e-16 -3.5006719745211967e-15 1</Rotation>
<Translation>-0.58400566478857519 -0.48990561126240961 1.7026108861692868</Translation>
</Transform>
<VisualProperties>
<Ambient r="1" g="0.50196078431372548" b="0.50196078431372548" a="1"/>
<Diffuse r="1" g="0.50196078431372548" b="0.50196078431372548" a="1"/>
<Specular r="0.5" g="0.25098039215686274" b="0.25098039215686274" a="1"/>
<Emissive r="0" g="0" b="0" a="1"/>
<Shininess>0.3125</Shininess>
</VisualProperties>
</Instance>
<Instance name="CenteringRing_FinSide-1" uid="CenteringRing_FinSide-1" entityUid="CenteringRing_FinSide*:*Default">
<Transform>
<Rotation>1 0 0 0 1 0 0 0 1</Rotation>
<Translation>-0.59950566478857548 -0.49630561126240957 1.7057858861692874</Translation>
</Transform>
<VisualProperties>
<Ambient r="1" g="0.27843137254901962" b="0.27843137254901962" a="1"/>
<Diffuse r="1" g="0.27843137254901962" b="0.27843137254901962" a="1"/>
<Specular r="0.5" g="0.13921568627450981" b="0.13921568627450981" a="1"/>
<Emissive r="0" g="0" b="0" a="1"/>
<Shininess>0.3125</Shininess>
</VisualProperties>
</Instance>
<Instance name="CenteringRing_I-Bolt-1" uid="CenteringRing_I-Bolt-1" entityUid="CenteringRing_I-Bolt*:*Default">
<Transform>
<Rotation>1 0 0 0 1 0 0 0 1</Rotation>
<Translation>-0.59950566478857537 -0.34265561126240951 1.7057858861692878</Translation>
</Transform>
<VisualProperties>
<Ambient r="1" g="0.27843137254901962" b="0.27843137254901962" a="1"/>
<Diffuse r="1" g="0.27843137254901962" b="0.27843137254901962" a="1"/>
<Specular r="0.5" g="0.13921568627450981" b="0.13921568627450981" a="1"/>
<Emissive r="0" g="0" b="0" a="1"/>
<Shininess>0.3125</Shininess>
</VisualProperties>
</Instance>
<Instance name="Motormount_2ndStage-1" uid="Motormount_2ndStage-1" entityUid="Motormount_2ndStage*:*Default">
<Transform>
<Rotation>1 0 0 0 1 0 0 0 1</Rotation>
<Translation>-0.59950566478857537 -0.5263056112624096 1.7057858861692874</Translation>
</Transform>
<VisualProperties>
<Ambient r="1" g="0" b="0" a="1"/>
<Diffuse r="1" g="0" b="0" a="1"/>
<Specular r="0.5" g="0" b="0" a="1"/>
<Emissive r="0" g="0" b="0" a="1"/>
<Shininess>0.3125</Shininess>
</VisualProperties>
</Instance>
<Instance name="CenteringRing_Simple-1" uid="CenteringRing_Simple-1" entityUid="CenteringRing_Simple*:*Default">
<Transform>
<Rotation>1 0 0 0 1 0 0 0 1</Rotation>
<Translation>-0.59950566478857537 -0.41630561126240972 1.7057858861692874</Translation>
</Transform>
<VisualProperties>
<Ambient r="1" g="0.27843137254901962" b="0.27843137254901962" a="1"/>
<Diffuse r="1" g="0.27843137254901962" b="0.27843137254901962" a="1"/>
<Specular r="0.5" g="0.13921568627450981" b="0.13921568627450981" a="1"/>
<Emissive r="0" g="0" b="0" a="1"/>
<Shininess>0.3125</Shininess>
</VisualProperties>
</Instance>
<Instance name="Bodytube_2ndStage-2" uid="Bodytube_2ndStage-2" grounded="true" entityUid="Bodytube_2ndStage*:*Default">
<Transform>
<Rotation>1 0 0 0 1 0 0 0 1</Rotation>
<Translation>-0.59950566478857537 -0.54630561126240962 1.7057858861692874</Translation>
</Transform>
<VisualProperties>
<Ambient r="1" g="0.75294117647058822" b="0.75294117647058822" a="1"/>
<Diffuse r="1" g="0.75294117647058822" b="0.75294117647058822" a="1"/>
<Specular r="0.5" g="0.37647058823529411" b="0.37647058823529411" a="1"/>
<Emissive r="0" g="0" b="0" a="1"/>
<Shininess>0.3125</Shininess>
</VisualProperties>
</Instance>
</Instance>
<Instance name="Parachute_In_Nosecone-1" uid="Parachute_In_Nosecone-1" entityUid="Parachute_In_Nosecone*:*Default">
<Transform>
<Rotation>-1.8633557373252983e-16 -1 -1.0179494176688716e-16 0 -1.0179494176688814e-16 1 -1 1.8633557373252956e-16 0</Rotation>
<Translation>0.11896237212417413 0.024402210444748093 -0.012839776216310399</Translation>
</Transform>
<VisualProperties>
<Ambient r="0.90980392156862744" g="0.44313725490196076" b="0.031372549019607843" a="1"/>
<Diffuse r="0.90980392156862744" g="0.44313725490196076" b="0.031372549019607843" a="1"/>
<Specular r="0.45490196078431372" g="0.22156862745098038" b="0.015686274509803921" a="1"/>
<Emissive r="0" g="0" b="0" a="1"/>
<Shininess>0.3125</Shininess>
</VisualProperties>
</Instance>
<Instance name="H195 Aerotech Motor-1" uid="H195 Aerotech Motor-1" entityUid="H195 Aerotech Motor*:*Default">
<Transform>
<Rotation>-8.4702642149011302e-16 -1.6570104408912462e-16 1 -1.6653345369377348e-16 -1 -1.6570104408912521e-16 1 -1.6653345369377348e-16 8.4702642149011263e-16</Rotation>
<Translation>0.65381237212445886 0.024402210444748149 -0.012839776216310914</Translation>
</Transform>
<VisualProperties>
<Ambient r="0.9882352941176471" g="0.73725490196078436" b="0.51764705882352935" a="1"/>
<Diffuse r="0.9882352941176471" g="0.73725490196078436" b="0.51764705882352935" a="1"/>
<Specular r="0.49411764705882355" g="0.36862745098039218" b="0.25882352941176467" a="1"/>
<Emissive r="0" g="0" b="0" a="1"/>
<Shininess>0.3125</Shininess>
</VisualProperties>
</Instance>
<Instance name="S1_AvionicsStack-1" uid="S1_AvionicsStack-1" entityUid="S1_AvionicsStack" rigid="true">
<Transform>
<Rotation>4.8775089089832652e-16 1 3.9125431851827606e-16 0.70710678118654113 -6.2155054427678042e-16 0.7071067811865539 0.7071067811865539 0 -0.70710678118654113</Rotation>
<Translation>0.90132339614432366 0.038014386490003327 -0.027476728009225203</Translation>
</Transform>
<Instance name="94435A509_Aluminum Threaded Rod (1)-2" uid="94435A509_Aluminum Threaded Rod (1)-2" entityUid="94435A509_Aluminum Threaded Rod (1)*:*94435A509">
<Transform>
<Rotation>0 -7.1054273576010019e-15 1 1 0 0 0 1 7.1054273576010019e-15</Rotation>
<Translation>0.011331227598163785 0.17120796874221855 -0.0093685481391773059</Translation>
</Transform>
</Instance>
<Instance name="94435A509_Aluminum Threaded Rod (1)-1" uid="94435A509_Aluminum Threaded Rod (1)-1" entityUid="94435A509_Aluminum Threaded Rod (1)*:*94435A509">
<Transform>
<Rotation>0 2.2204460492503131e-16 -1 1 0 0 0 -1 -2.2204460492503131e-16</Rotation>
<Translation>-0.0098819758374326105 0.17120796874221855 -0.030581751574773785</Translation>
</Transform>
</Instance>
<Instance name="Stage_2_Electronics-1" uid="Stage_2_Electronics-1" entityUid="Stage_2_Electronics" rigid="true">
<Transform>
<Rotation>1.6286573654997035e-15 -0.70710678118655113 -0.70710678118654391 -1 -4.8887281318627534e-16 -1.8143965215622466e-15 9.3728680281619761e-16 0.70710678118654391 -0.70710678118655113</Rotation>
<Translation>0.089790403927622026 0.14198979130138012 -0.013739076022735296</Translation>
</Transform>
<Instance name="2652 BMP280 STEMMA QT.step-1" uid="2652 BMP280 STEMMA QT.step-1" entityUid="2652 BMP280 STEMMA QT.step" rigid="true">
<Transform>
<Rotation>-1.0000000000000002 2.2204460492503121e-16 0 0 -1.779758311459914e-16 1 2.220446049250317e-16 1.0000000000000002 1.7797583114599455e-16</Rotation>
<Translation>0.088120363075255725 0.080944602476501787 0.060499567914638931</Translation>
</Transform>
<Instance name="PCB Component.step-1" uid="PCB Component.step-1" grounded="true" entityUid="PCB Component.step" rigid="true">
<Transform>
<Rotation>1 0 0 0 1 0 0 0 1</Rotation>
<Translation>0 0 0</Translation>
</Transform>
<Instance name="Board.step-1" uid="Board.step-1" grounded="true" entityUid="Board.step*:*Default">
<Transform>
<Rotation>1 0 0 0 1 0 0 0 1</Rotation>
<Translation>0 0 0</Translation>
</Transform>
</Instance>
<Instance name="10uF.step-2" uid="10uF.step-2" grounded="true" entityUid="10uF.step*:*Default">
<Transform>
<Rotation>1 0 0 0 1 0 0 0 1</Rotation>
<Translation>0.0081280000000000241 0.012192000000000005 0.0015700000000000019</Translation>
</Transform>
</Instance>
<Instance name="AP2112K-3.3.step-1" uid="AP2112K-3.3.step-1" grounded="true" entityUid="AP2112K-3.3.step*:*Default">
<Transform>
<Rotation>1 0 0 0 1 0 0 0 1</Rotation>
<Translation>0.0078739999999999366 0.0088900000000000021 0.0015700000000000019</Translation>
</Transform>
</Instance>
<Instance name="10uF.step-1" uid="10uF.step-1" grounded="true" entityUid="10uF.step*:*Default">
<Transform>
<Rotation>1 0 0 0 1 0 0 0 1</Rotation>
<Translation>0.0077469999999999484 0.0057149999999999979 0.0015700000000000019</Translation>
</Transform>
</Instance>
<Instance name="10K.step-1" uid="10K.step-1" grounded="true" entityUid="10K.step*:*Default">
<Transform>
<Rotation>0 1 0 -1 0 0 0 0 1</Rotation>
<Translation>0.010159999999999947 0.0089150000000000028 0.0015700000000000019</Translation>
</Transform>
</Instance>
<Instance name="10K.step-2" uid="10K.step-2" grounded="true" entityUid="10K.step*:*Default">
<Transform>
<Rotation>0 1 0 -1 0 0 0 0 1</Rotation>
<Translation>0.0055880000000000374 0.012446000000000006 0.0015700000000000019</Translation>
</Transform>
</Instance>
<Instance name="GREEN.step-1" uid="GREEN.step-1" grounded="true" entityUid="GREEN.step*:*Default">
<Transform>
<Rotation>0 -1 0 1 0 0 0 0 1</Rotation>
<Translation>0.0035560000000001146 0.012573000000000004 0.0015700000000000019</Translation>
</Transform>
</Instance>
<Instance name="10K.step-3" uid="10K.step-3" grounded="true" entityUid="10K.step*:*Default">
<Transform>
<Rotation>1 0 0 0 1 0 0 0 1</Rotation>
<Translation>0.012750999999999957 0.0057909999999999975 0.0015700000000000019</Translation>
</Transform>
</Instance>
<Instance name="10K.step-4" uid="10K.step-4" grounded="true" entityUid="10K.step*:*Default">
<Transform>
<Rotation>-1 0 0 0 -1 0 0 0 1</Rotation>
<Translation>0.011430000000000051 0.011303000000000004 0.0015700000000000019</Translation>
</Transform>
</Instance>
<Instance name="STEMMA_I2C_QT.step-1" uid="STEMMA_I2C_QT.step-1" grounded="true" entityUid="STEMMA_I2C_QT.step*:*Default">
<Transform>
<Rotation>0 -1 0 1 0 0 0 0 1</Rotation>
<Translation>0.022859999999999991 0.0088900000000000055 0.0015700000000000019</Translation>
</Transform>
</Instance>
<Instance name="BSS138.step-1" uid="BSS138.step-1" grounded="true" entityUid="BSS138.step*:*Default">
<Transform>
<Rotation>0 -1 0 1 0 0 0 0 1</Rotation>
<Translation>0.016890999999999989 0.0074929999999999997 0.0015700000000000019</Translation>
</Transform>
</Instance>
<Instance name="10K_1.step-1" uid="10K_1.step-1" grounded="true" entityUid="10K_1.step*:*Default">
<Transform>
<Rotation>-1 0 0 0 -1 0 0 0 1</Rotation>
<Translation>0.017145000000000077 0.011430000000000003 0.0015700000000000019</Translation>
</Transform>
</Instance>
<Instance name="STEMMA_I2C_QT.step-2" uid="STEMMA_I2C_QT.step-2" grounded="true" entityUid="STEMMA_I2C_QT.step*:*Default">
<Transform>
<Rotation>0 1 0 -1 0 0 0 0 1</Rotation>
<Translation>0.0025399999999999867 0.0088900000000000021 0.0015700000000000019</Translation>
</Transform>
</Instance>
<Instance name="1N4148.step-1" uid="1N4148.step-1" grounded="true" entityUid="1N4148.step*:*Default">
<Transform>
<Rotation>-1 0 0 0 -1 0 0 0 1</Rotation>
<Translation>0.012700000000000045 0.012954000000000004 0.0015700000000000019</Translation>
</Transform>
</Instance>
<Instance name="BMX280_COMBO.step-1" uid="BMX280_COMBO.step-1" grounded="true" entityUid="BMX280_COMBO.step*:*Default">
<Transform>
<Rotation>1 0 0 0 1 0 0 0 1</Rotation>
<Translation>0.012699999999999934 0.0088900000000000021 0.0015700000000000019</Translation>
</Transform>
</Instance>
</Instance>
</Instance>
<Instance name="Pin Header 1x5 TH Pitch 2.54mm.stp-1" uid="Pin Header 1x5 TH Pitch 2.54mm.stp-1" entityUid="Pin Header 1x5 TH Pitch 2.54mm.stp*:*Default">
<Transform>
<Rotation>-1 2.4359470658390256e-15 5.5710619387748021e-16 -5.5710619387747084e-16 3.8857805861880479e-15 -1 -2.4359470658390275e-15 -1 -3.8857805861880479e-15</Rotation>
<Translation>0.05768936307525574 0.085946023832739013 0.085975567914638965</Translation>
</Transform>
</Instance>
<Instance name="Pin Header 1x10 TH Pitch 2.54mm.stp-13" uid="Pin Header 1x10 TH Pitch 2.54mm.stp-13" entityUid="Pin Header 1x10 TH Pitch 2.54mm.stp*:*Default">
<Transform>
<Rotation>-1 2.4359470658390256e-15 5.5710619387748021e-16 -5.5710619387747084e-16 3.8857805861880479e-15 -1 -2.4359470658390275e-15 -1 -3.8857805861880479e-15</Rotation>
<Translation>0.041110250008832283 0.07636944536083827 0.045308567914639171</Translation>
</Transform>
</Instance>
<Instance name="arduinoMega-1" uid="arduinoMega-1" grounded="true" entityUid="arduinoMega*:*Simplified">
<Transform>
<Rotation>1 0 0 0 1 0 0 0 1</Rotation>
<Translation>0.048900250008832136 0.063569445532699928 0.069403567914639003</Translation>
</Transform>
</Instance>
<Instance name="Pin Header 1x7 TH Pitch 2.54mm.stp-1" uid="Pin Header 1x7 TH Pitch 2.54mm.stp-1" entityUid="Pin Header 1x7 TH Pitch 2.54mm.stp*:*Default">
<Transform>
<Rotation>-1 2.4359470658390256e-15 5.5710619387748021e-16 -5.5710619387747084e-16 3.8857805861880479e-15 -1 -2.4359470658390275e-15 -1 -3.8857805861880479e-15</Rotation>
<Translation>0.083050363075255706 0.080946023832739106 0.062969567914638966</Translation>
</Transform>
</Instance>
<Instance name="Pin Header 1x16 TH Pitch 2.54mm.stp-1" uid="Pin Header 1x16 TH Pitch 2.54mm.stp-1" entityUid="Pin Header 1x16 TH Pitch 2.54mm.stp*:*Default">
<Transform>
<Rotation>0 -1 0 0 0 -1 1 0 0</Rotation>
<Translation>0.095705250008832232 0.076369445360838173 0.047933567914639</Translation>
</Transform>
</Instance>
<Instance name="Pin Header 1x8 TH Pitch 2.54mm.stp-5" uid="Pin Header 1x8 TH Pitch 2.54mm.stp-5" entityUid="Pin Header 1x8 TH Pitch 2.54mm.stp*:*Default">
<Transform>
<Rotation>-1 2.4359470658390256e-15 5.5710619387748021e-16 -5.5710619387747084e-16 3.8857805861880479e-15 -1 -2.4359470658390275e-15 -1 -3.8857805861880479e-15</Rotation>
<Translation>0.085810250008832134 0.076369445360838173 0.045308567914639129</Translation>
</Transform>
</Instance>
<Instance name="Arduino MEGA shield-1" uid="Arduino MEGA shield-1" entityUid="Arduino MEGA shield*:*Default">
<Transform>
<Rotation>-1 0 2.6213659273690669e-16 0 -0.99999999999999989 1.1102230246251723e-16 2.5922512419038191e-16 0 0.99999999999999978</Rotation>
<Translation>0.049960250008832086 0.078146024004600856 0.069383567914639024</Translation>
</Transform>
</Instance>
<Instance name="Pin Header 1x8 TH Pitch 2.54mm.stp-1" uid="Pin Header 1x8 TH Pitch 2.54mm.stp-1" entityUid="Pin Header 1x8 TH Pitch 2.54mm.stp*:*Default">
<Transform>
<Rotation>1 0 0 0 0 -1 0 1 0</Rotation>
<Translation>0.073060250008832206 0.076369445360838173 0.093498567914638994</Translation>
</Transform>
</Instance>
<Instance name="Pin Header 1x8 TH Pitch 2.54mm.stp-7" uid="Pin Header 1x8 TH Pitch 2.54mm.stp-7" entityUid="Pin Header 1x8 TH Pitch 2.54mm.stp*:*Default">
<Transform>
<Rotation>-1 2.4359470658390256e-15 5.5710619387748021e-16 -5.5710619387747084e-16 3.8857805861880479e-15 -1 -2.4359470658390275e-15 -1 -3.8857805861880479e-15</Rotation>
<Translation>0.062950250008832698 0.076369445360838187 0.045308567914638671</Translation>
</Transform>
</Instance>
<Instance name="Pin Header 1x16 TH Pitch 2.54mm.stp-2" uid="Pin Header 1x16 TH Pitch 2.54mm.stp-2" entityUid="Pin Header 1x16 TH Pitch 2.54mm.stp*:*Default">
<Transform>
<Rotation>0 -1 0 0 0 -1 1 0 0</Rotation>
<Translation>0.093165250008832245 0.076369445360838173 0.047933567914639007</Translation>
</Transform>
</Instance>
<Instance name="Pin Header 1x8 TH Pitch 2.54mm.stp-9" uid="Pin Header 1x8 TH Pitch 2.54mm.stp-9" entityUid="Pin Header 1x8 TH Pitch 2.54mm.stp*:*Default">
<Transform>
<Rotation>1.0000000000000002 2.0122792321330943e-16 1.2332417599063007e-16 0 0 -1 -2.4980018054066042e-16 1 0</Rotation>
<Translation>0.024716363075255599 0.08094602383273912 0.063066567914638993</Translation>
</Transform>
</Instance>
<Instance name="sdreader-1" uid="sdreader-1" entityUid="sdreader*:*Default">
<Transform>
<Rotation>1 0 0 0 0 -1 0 1 0</Rotation>
<Translation>-0.0065562205794031936 0.082546024004600843 0.083753567914639046</Translation>
</Transform>
</Instance>
<Instance name="Pin Header 1x8 TH Pitch 2.54mm.stp-3" uid="Pin Header 1x8 TH Pitch 2.54mm.stp-3" entityUid="Pin Header 1x8 TH Pitch 2.54mm.stp*:*Default">
<Transform>
<Rotation>1 -3.1086244689504383e-15 0 0 -2.047099656832231e-16 -1 3.0531133177191805e-15 1.0000000000000002 -1.9990453867972208e-16</Rotation>
<Translation>0.027540250008831091 0.076369445360838187 0.093498567914639494</Translation>
</Transform>
</Instance>
<Instance name="MPU 6050 IMU-1" uid="MPU 6050 IMU-1" entityUid="MPU 6050 IMU" rigid="true">
<Transform>
<Rotation>-1.0000000000000002 0 2.4980018054066002e-16 0 -1 0 2.4980018054066042e-16 0 1.0000000000000002</Rotation>
<Translation>0.040598978661784191 0.092474469216520083 0.053197963969837059</Translation>
</Transform>
<Instance name="Resistor small black-4" uid="Resistor small black-4" entityUid="Resistor small black*:*Default">
<Transform>
<Rotation>0 0 -1 0 1 0 1 0 0</Rotation>
<Translation>0.011127615586528528 0.01152986674001831 0.015697603944801942</Translation>
</Transform>
</Instance>
<Instance name="Resistor small-6" uid="Resistor small-6" entityUid="Resistor small*:*Default">
<Transform>
<Rotation>0 0 1 0 1 0 -1 0 0</Rotation>
<Translation>0.011127615586528528 0.011531423749928028 0.019321603944801938</Translation>
</Transform>
</Instance>
<Instance name="Resistor small-7" uid="Resistor small-7" entityUid="Resistor small*:*Default">
<Transform>
<Rotation>0 0 1 0 1 0 -1 0 0</Rotation>
<Translation>0.0033702155865285022 0.011531423749928028 0.019321603944801938</Translation>
</Transform>
</Instance>
<Instance name="Resistor small black-5" uid="Resistor small black-5" entityUid="Resistor small black*:*Default">
<Transform>
<Rotation>0 0 1 0 1 0 -1 0 0</Rotation>
<Translation>0.0018702155865284453 0.01152986674001831 0.015697225667557779</Translation>
</Transform>
</Instance>
<Instance name="Resistor black-1" uid="Resistor black-1" entityUid="Resistor black*:*Default">
<Transform>
<Rotation>1 0 0 0 1 0 0 0 1</Rotation>
<Translation>0.0072489155865285149 0.012379866740018314 0.021646603944801932</Translation>
</Transform>
</Instance>
<Instance name="Resistor small black-6" uid="Resistor small black-6" entityUid="Resistor small black*:*Default">
<Transform>
<Rotation>1.2246467991473569e-16 0 -1 0 1 0 1 0 1.2246467991473569e-16</Rotation>
<Translation>0.0018702155865284453 0.01152986674001831 0.019321603944801934</Translation>
</Transform>
</Instance>
<Instance name="Resistor small black-3" uid="Resistor small black-3" entityUid="Resistor small black*:*Default">
<Transform>
<Rotation>0 0 -1 0 1 0 1 0 0</Rotation>
<Translation>0.012627615586528584 0.01152986674001831 0.015697603944801942</Translation>
</Transform>
</Instance>
<Instance name="Resistor small-5" uid="Resistor small-5" entityUid="Resistor small*:*Default">
<Transform>
<Rotation>0 0 1 0 1 0 -1 0 0</Rotation>
<Translation>0.012627615586528584 0.011531423749928028 0.019321603944801938</Translation>
</Transform>
</Instance>
<Instance name="Small LED-1" uid="Small LED-1" entityUid="Small LED*:*Default">
<Transform>
<Rotation>1 0 0 0 1 0 0 0 1</Rotation>
<Translation>0.00036521558652857777 0.01152986674001831 0.015697603944801942</Translation>
</Transform>
</Instance>
<Instance name="Resistor small-8" uid="Resistor small-8" entityUid="Resistor small*:*Default">
<Transform>
<Rotation>1.2246467991473572e-16 0 -1 0 1 0 1 0 1.2246467991473572e-16</Rotation>
<Translation>0.0033702155865285022 0.011531423749928028 0.015697603944801942</Translation>
</Transform>
</Instance>
<Instance name="Base-1" uid="Base-1" grounded="true" entityUid="Base*:*Default">
<Transform>
<Rotation>1 0 0 0 1 0 0 0 1</Rotation>
<Translation>0.0072489155865285149 0.010958366740018315 0.016572603944801943</Translation>
</Transform>
</Instance>
<Instance name="Resistor small-4" uid="Resistor small-4" entityUid="Resistor small*:*Default">
<Transform>
<Rotation>1.2246467991473527e-16 0 1 0 1 0 -1 0 1.2246467991473527e-16</Rotation>
<Translation>0.013977615586528547 0.011531423749928028 0.015697603944801942</Translation>
</Transform>
</Instance>
<Instance name="sensor chip-1" uid="sensor chip-1" entityUid="sensor chip*:*Default">
<Transform>
<Rotation>1 0 0 0 1 0 0 0 1</Rotation>
<Translation>0.0072489155865285149 0.011549866740018309 0.017446603944801933</Translation>
</Transform>
</Instance>
<Instance name="S2NH chip-1" uid="S2NH chip-1" entityUid="S2NH chip*:*Default">
<Transform>
<Rotation>1 0 0 0 1 0 0 0 1</Rotation>
<Translation>0.016102615586528479 0.012379866740018307 0.01657260394480194</Translation>
</Transform>
</Instance>
<Instance name="Resistor small-3" uid="Resistor small-3" entityUid="Resistor small*:*Default">
<Transform>
<Rotation>1 0 0 0 1 0 0 0 1</Rotation>
<Translation>0.016102615586528479 0.011531423749928028 0.019372603944801944</Translation>
</Transform>
</Instance>
</Instance>
<Instance name="Pin Header 1x8 TH Pitch 2.54mm.stp-2" uid="Pin Header 1x8 TH Pitch 2.54mm.stp-2" entityUid="Pin Header 1x8 TH Pitch 2.54mm.stp*:*Default">
<Transform>
<Rotation>1 0 0 0 -2.033381836016125e-16 -1 0 1 -2.0071589393946781e-16</Rotation>
<Translation>0.050200250008832215 0.076369445360838173 0.093498567914638994</Translation>
</Transform>
</Instance>
<Instance name="NEO-6M.STEP-1" uid="NEO-6M.STEP-1" entityUid="NEO-6M.STEP" rigid="true">
<Transform>
<Rotation>-1 1.6653345369377346e-16 0 0 -2.8787228155745367e-16 1 1.6653345369377365e-16 1 2.8787228155745683e-16</Rotation>
<Translation>0.066459363075255795 0.087019619376501781 0.051845567914638999</Translation>
</Transform>
<Instance name="NEO-6M_v100.STEP-1" uid="NEO-6M_v100.STEP-1" grounded="true" entityUid="NEO-6M_v100.STEP*:*Default">
<Transform>
<Rotation>1 0 0 0 1 0 0 0 1</Rotation>
<Translation>0 0 0</Translation>
</Transform>
</Instance>
<Instance name="NEO-6M_v100-bottom.STEP-1" uid="NEO-6M_v100-bottom.STEP-1" grounded="true" entityUid="NEO-6M_v100-bottom.STEP*:*Default">
<Transform>
<Rotation>1 0 0 0 1 0 0 0 1</Rotation>
<Translation>-2.0000000000575113e-07 0 -4.5008800000002902e-05</Translation>
</Transform>
</Instance>
<Instance name="NEO-6M_v100-top.STEP-1" uid="NEO-6M_v100-top.STEP-1" grounded="true" entityUid="NEO-6M_v100-top.STEP*:*Default">
<Transform>
<Rotation>1 0 0 0 1 0 0 0 1</Rotation>
<Translation>-2.0000000000575113e-07 0 4.5008800000002902e-05</Translation>
</Transform>
</Instance>
</Instance>
</Instance>
<Instance name="2sLipo-1" uid="2sLipo-1" entityUid="2sLipo*:*Default">
<Transform>
<Rotation>-0.70710678118654424 -1.9811982591373513e-15 0.7071067811865509 -2.3129646346357407e-15 0.99999999999999989 4.8887281318627495e-16 -0.70710678118655101 -1.2898276964538485e-15 -0.70710678118654413</Rotation>
<Translation>0.0054728605098897966 0.15201397598013622 0.01729999670712995</Translation>
</Transform>
</Instance>
<Instance name="Avionics Bulkhead-1" uid="Avionics Bulkhead-1" entityUid="Avionics Bulkhead*:*Default">
<Transform>
<Rotation>0.70710678118654868 0 -0.70710678118654635 0 1 0 0.70710678118654635 0 0.70710678118654868</Rotation>
<Translation>0.00072462588036562026 0.025663975980135256 -0.019975149856975578</Translation>
</Transform>
<VisualProperties>
<Ambient r="0.50196078431372548" g="1" b="0.50196078431372548" a="1"/>
<Diffuse r="0.50196078431372548" g="1" b="0.50196078431372548" a="1"/>
<Specular r="0.25098039215686274" g="0.5" b="0.25098039215686274" a="1"/>
<Emissive r="0" g="0" b="0" a="1"/>
<Shininess>0.3125</Shininess>
</VisualProperties>
</Instance>
<Instance name="StagingCoupler-1" uid="StagingCoupler-1" entityUid="StagingCoupler*:*Default">
<Transform>
<Rotation>-0.70710678118654624 -0.70710678118654879 0 0 0 -1 0.70710678118654879 -0.70710678118654624 0</Rotation>
<Translation>0.00072462588036562373 0.028838975980135184 -0.019975149856975582</Translation>
</Transform>
<VisualProperties>
<Ambient r="0.75294117647058822" g="1" b="0.75294117647058822" a="1"/>
<Diffuse r="0.75294117647058822" g="1" b="0.75294117647058822" a="1"/>
<Specular r="0.37647058823529411" g="0.5" b="0.37647058823529411" a="1"/>
<Emissive r="0" g="0" b="0" a="1"/>
<Shininess>0.3125</Shininess>
</VisualProperties>
</Instance>
<Instance name="Avionics Sled-1" uid="Avionics Sled-1" entityUid="Avionics Sled*:*Default">
<Transform>
<Rotation>0.70710678118654391 8.3227901405975596e-16 0.70710678118655135 6.8814745617554091e-16 -1 4.8887281318627515e-16 0.70710678118655135 1.4090845137624234e-16 -0.70710678118654391</Rotation>
<Translation>-0.027559645367096177 0.18201397598013602 -0.041188353292572165</Translation>
</Transform>
</Instance>
<Instance name="Piston-1" uid="Piston-1" entityUid="Piston*:*Default">
<Transform>
<Rotation>-0.70710678118654879 -1.0622176135709634e-16 -0.70710678118654646 1.22464679914735e-16 -1 0 -0.70710678118654646 0 0.70710678118654879</Rotation>
<Translation>0.00072462588036562373 0.028070525001614999 -0.019975149856975571</Translation>
</Transform>
<VisualProperties>
<Ambient r="0.75294117647058822" g="1" b="0.75294117647058822" a="1"/>
<Diffuse r="0.75294117647058822" g="1" b="0.75294117647058822" a="1"/>
<Specular r="0.37647058823529411" g="0.5" b="0.37647058823529411" a="1"/>
<Emissive r="0" g="0" b="0" a="1"/>
<Shininess>0.3125</Shininess>
</VisualProperties>
</Instance>
<Instance name="Servo_avionics Bay-1" uid="Servo_avionics Bay-1" entityUid="Servo_avionics Bay" rigid="true">
<Transform>
<Rotation>-1.4999881662396098e-16 -0.64559299183382635 -0.76368166725085751 1 0 -1.5698042607273808e-16 0 -0.76368166725085751 0.64559299183382635</Rotation>
<Translation>-0.32299913038114952 0.23075397598013514 0.057019315023330158</Translation>
</Transform>
<VisualProperties>
<Ambient r="1" g="1" b="0.50196078431372548" a="1"/>
<Diffuse r="1" g="1" b="0.50196078431372548" a="1"/>
<Specular r="0.5" g="0.5" b="0.25098039215686274" a="1"/>
<Emissive r="0" g="0" b="0" a="1"/>
<Shininess>0.3125</Shininess>
</VisualProperties>
<Instance name="KST_Servo-4" uid="KST_Servo-4" entityUid="KST_Servo*:*Default">
<Transform>
<Rotation>1 1.5368819133521154e-16 0 0 -0.083501303168710558 -0.99650766799314061 -1.5947696906640958e-16 0.99650766799314061 -0.083501303168710558</Rotation>
<Translation>-0.026589999999999892 -0.15253101795929735 -0.26605124958202542</Translation>
</Transform>
</Instance>
<Instance name="KST_Servo-2" uid="KST_Servo-2" entityUid="KST_Servo*:*Default">
<Transform>
<Rotation>1 0 0 0 0.083501303168717497 0.99650766799314006 0 -0.99650766799314006 0.083501303168717497</Rotation>
<Translation>-0.026589999999999892 -0.14785803608805548 -0.32780672011242507</Translation>
</Transform>
</Instance>
<Instance name="Cannard-2" uid="Cannard-2" entityUid="Cannard*:*Default">
<Transform>
<Rotation>0 0.018878553766032043 0.99982178422341994 -0.083501303168710517 -0.99633007460522127 0.018812623588471716 0.99650766799314061 -0.083486421919120854 0.0015763838414041866</Rotation>
<Translation>-0.0066407606999465685 -0.15055364668627735 -0.25519321664793271</Translation>
</Transform>
</Instance>
<Instance name="KST_Servo-3" uid="KST_Servo-3" entityUid="KST_Servo*:*Default">
<Transform>
<Rotation>1 -6.8114389125039379e-16 -2.2077039452710406e-16 -6.6033049499361973e-16 -0.99650766799314061 0.08350130316871085 -2.7687579357694447e-16 -0.08350130316871085 -0.99650766799314061</Rotation>
<Translation>-0.026589999999999892 -0.18107226228887635 -0.29926547578284612</Translation>
</Transform>
</Instance>
<Instance name="Cannard-4" uid="Cannard-4" entityUid="Cannard*:*Default">
<Transform>
<Rotation>-1.6539535537690493e-16 0.01887855376603207 0.99982178422342005 0.083501303168703578 0.99633007460522194 -0.018812623588471741 -0.99650766799314117 0.083486421919113929 -0.0015763838414042794</Rotation>
<Translation>-0.0066407606999465685 -0.14983540736107598 -0.33866475304651783</Translation>
</Transform>
</Instance>
<Instance name="Cannard-3" uid="Cannard-3" entityUid="Cannard*:*Default">
<Transform>
<Rotation>0 0.018878553766032168 0.99982178422342005 0.99650766799314083 -0.083486421919117398 0.0015763838414042269 0.083501303168707047 0.99633007460522149 -0.018812623588471838</Rotation>
<Translation>-0.0066407606999465685 -0.10845875882438397 -0.29656986518462447</Translation>
</Transform>
</Instance>
<Instance name="90640A129_Low-Strength Steel Nylon-Insert Locknut-1" uid="90640A129_Low-Strength Steel Nylon-Insert Locknut-1" entityUid="90640A129_Low-Strength Steel Nylon-Insert Locknut*:*90640A129">
<Transform>
<Rotation>0 -1 0 -0.57056808378978985 0 -0.8212503039636867 0.8212503039636867 0 -0.57056808378978985</Rotation>
<Translation>-0.04620874999999991 -0.15019452702367653 -0.29692898484722524</Translation>
</Transform>
</Instance>
<Instance name="Cannard-1" uid="Cannard-1" entityUid="Cannard*:*Default">
<Transform>
<Rotation>0 0.018878553766031942 0.99982178422341994 -0.99650766799314017 0.083486421919124323 -0.00157638384140437 -0.083501303168713986 -0.99633007460522083 0.018812623588471598</Rotation>
<Translation>-0.0066407606999465685 -0.19193029522296906 -0.29728810450982629</Translation>
</Transform>
</Instance>
<Instance name="KST_Servo-1" uid="KST_Servo-1" entityUid="KST_Servo*:*Default">
<Transform>
<Rotation>1 0 0 0 0.99650766799313972 -0.083501303168720981 0 0.083501303168720981 0.99650766799313972</Rotation>
<Translation>-0.026589999999999892 -0.11931679175847677 -0.29459249391160408</Translation>
</Transform>
</Instance>
<Instance name="3014T901_Steel Eyebolt with Shoulder - for Lifting-1" uid="3014T901_Steel Eyebolt with Shoulder - for Lifting-1" entityUid="3014T901_Steel Eyebolt with Shoulder - for Lifting*:*3014T901">
<Transform>
<Rotation>0 1 -1.6375585454300122e-16 -0.99650766799313961 0 -0.083501303168720953 -0.083501303168720953 1.6418815637263745e-16 0.99650766799313961</Rotation>
<Translation>0.020637500000000086 -0.1501945270236765 -0.29692898484722524</Translation>
</Transform>
</Instance>
<Instance name="ServoTop_516-1" uid="ServoTop_516-1" entityUid="ServoTop_516*:*Default">
<Transform>
<Rotation>1.1135629937828745e-16 1 0 -0.083501303168720967 0 0.99650766799313972 0.99650766799313972 -1.1250488501965547e-16 0.083501303168720967</Rotation>
<Translation>-0.040739999999999776 -0.1501945270236765 -0.29692898484722519</Translation>
</Transform>
</Instance>
<Instance name="ServoBay_423-1" uid="ServoBay_423-1" grounded="true" entityUid="ServoBay_423*:*Default">
<Transform>
<Rotation>1.1102230246251575e-16 -1 0 -0.083501303168724839 0 -0.99650766799313928 0.99650766799313928 1.1193368792894534e-16 -0.083501303168724839</Rotation>
<Translation>0 -0.15019452702367653 -0.29692898484722524</Translation>
</Transform>
<VisualProperties>
<Ambient r="1" g="1" b="0.75294117647058822" a="1"/>
<Diffuse r="1" g="1" b="0.75294117647058822" a="1"/>
<Specular r="0.5" g="0.5" b="0.37647058823529411" a="1"/>
<Emissive r="0" g="0" b="0" a="1"/>
<Shininess>0.3125</Shininess>
</VisualProperties>
</Instance>
</Instance>
<Instance name="S1_FwdAirframe-1" uid="S1_FwdAirframe-1" grounded="true" entityUid="S1_FwdAirframe*:*Default">
<Transform>
<Rotation>-1 2.2204460492503131e-16 0 0 0 -1 -2.2204460492503131e-16 -1 0</Rotation>
<Translation>0.00072462588036561679 0.19451397598013531 -0.019975149856975578</Translation>
</Transform>
<VisualProperties>
<Ambient r="1" g="1" b="0.75294117647058822" a="1"/>
<Diffuse r="1" g="1" b="0.75294117647058822" a="1"/>
<Specular r="0.5" g="0.5" b="0.37647058823529411" a="1"/>
<Emissive r="0" g="0" b="0" a="1"/>
<Shininess>0.3125</Shininess>
</VisualProperties>
</Instance>
</Instance>
<Instance name="I205 Aerotech Motor-1" uid="I205 Aerotech Motor-1" entityUid="I205 Aerotech Motor*:*Default">
<Transform>
<Rotation>-8.4702642149012574e-16 -1.6570104408912292e-16 1 0 -1 -1.6570104408912299e-16 1 0 8.4702642149012574e-16</Rotation>
<Translation>1.3786873721244586 0.024402210444748235 -0.012839776216310243</Translation>
</Transform>
<VisualProperties>
<Ambient r="1" g="0.50196078431372548" b="0.50196078431372548" a="1"/>
<Diffuse r="1" g="0.50196078431372548" b="0.50196078431372548" a="1"/>
<Specular r="0.5" g="0.25098039215686274" b="0.25098039215686274" a="1"/>
<Emissive r="0" g="0" b="0" a="1"/>
<Shininess>0.3125</Shininess>
</VisualProperties>
</Instance>
<Instance name="Nosecone_4112023-1" uid="Nosecone_4112023-1" grounded="true" entityUid="Nosecone_4112023*:*Default">
<Transform>
<Rotation>1 0 0 0 1 0 0 0 1</Rotation>
<Translation>-0.20933262787554133 0.024402210444748107 -0.012839776216310328</Translation>
</Transform>
<VisualProperties>
<Ambient r="0.71764705882352942" g="0.83921568627450982" b="1" a="1"/>
<Diffuse r="0.71764705882352942" g="0.83921568627450982" b="1" a="1"/>
<Specular r="0.35882352941176471" g="0.41960784313725491" b="0.5" a="1"/>
<Emissive r="0" g="0" b="0" a="1"/>
<Shininess>0.3125</Shininess>
</VisualProperties>
</Instance>
<Instance name="Airframe_2ndStage-1" uid="Airframe_2ndStage-1" entityUid="Airframe_2ndStage" rigid="true">
<Transform>
<Rotation>2.4071657236319995e-16 -1 0 3.5527136788004994e-15 0 -1 1 2.4071657236319995e-16 3.5527136788004994e-15</Rotation>
<Translation>0.33225676086204942 1.7301880966140377 0.58666588857225865</Translation>
</Transform>
<Instance name="Fin_Stage2-6" uid="Fin_Stage2-6" entityUid="Fin_Stage2*:*Default">
<Transform>
<Rotation>1.1804485151857076e-16 0 -1 -1 0 -1.180448515185498e-16 0 1 0</Rotation>
<Translation>-0.59633066478857488 -0.48990561126240961 1.7212858861692881</Translation>
</Transform>
<VisualProperties>
<Ambient r="0.9882352941176471" g="0.73725490196078436" b="0.51764705882352935" a="1"/>
<Diffuse r="0.9882352941176471" g="0.73725490196078436" b="0.51764705882352935" a="1"/>
<Specular r="0.49411764705882355" g="0.36862745098039218" b="0.25882352941176467" a="1"/>
<Emissive r="0" g="0" b="0" a="1"/>
<Shininess>0.3125</Shininess>
</VisualProperties>
</Instance>
<Instance name="Fin_Stage2-8" uid="Fin_Stage2-8" entityUid="Fin_Stage2*:*Default">
<Transform>
<Rotation>2.4071657236319995e-16 3.5527136788004994e-15 1 -1 0 2.4071657236319995e-16 0 -1 3.5527136788004994e-15</Rotation>
<Translation>-0.60268066478857607 -0.48990561126240961 1.6902858861692873</Translation>
</Transform>
<VisualProperties>
<Ambient r="0.9882352941176471" g="0.73725490196078436" b="0.51764705882352935" a="1"/>
<Diffuse r="0.9882352941176471" g="0.73725490196078436" b="0.51764705882352935" a="1"/>
<Specular r="0.49411764705882355" g="0.36862745098039218" b="0.25882352941176467" a="1"/>
<Emissive r="0" g="0" b="0" a="1"/>
<Shininess>0.3125</Shininess>
</VisualProperties>
</Instance>
<Instance name="Fin_Stage2-7" uid="Fin_Stage2-7" entityUid="Fin_Stage2*:*Default">
<Transform>
<Rotation>0 -1 3.48229070316507e-15 -1 0 -1.180448515185498e-16 1.1804485151857076e-16 -3.48229070316507e-15 -1</Rotation>
<Translation>-0.61500566478857588 -0.48990561126240961 1.7089608861692878</Translation>
</Transform>
<VisualProperties>
<Ambient r="0.9882352941176471" g="0.73725490196078436" b="0.51764705882352935" a="1"/>
<Diffuse r="0.9882352941176471" g="0.73725490196078436" b="0.51764705882352935" a="1"/>
<Specular r="0.49411764705882355" g="0.36862745098039218" b="0.25882352941176467" a="1"/>
<Emissive r="0" g="0" b="0" a="1"/>
<Shininess>0.3125</Shininess>
</VisualProperties>
</Instance>
<Instance name="Fin_Stage2-5" uid="Fin_Stage2-5" entityUid="Fin_Stage2*:*Default">
<Transform>
<Rotation>0 1 3.5006719745211967e-15 -1 0 -1.180448515185498e-16 -1.1804485151857076e-16 -3.5006719745211967e-15 1</Rotation>
<Translation>-0.58400566478857519 -0.48990561126240961 1.7026108861692868</Translation>
</Transform>
<VisualProperties>
<Ambient r="0.9882352941176471" g="0.73725490196078436" b="0.51764705882352935" a="1"/>
<Diffuse r="0.9882352941176471" g="0.73725490196078436" b="0.51764705882352935" a="1"/>
<Specular r="0.49411764705882355" g="0.36862745098039218" b="0.25882352941176467" a="1"/>
<Emissive r="0" g="0" b="0" a="1"/>
<Shininess>0.3125</Shininess>
</VisualProperties>
</Instance>
<Instance name="CenteringRing_FinSide-1" uid="CenteringRing_FinSide-1" entityUid="CenteringRing_FinSide*:*Default">
<Transform>
<Rotation>1 0 0 0 1 0 0 0 1</Rotation>
<Translation>-0.59950566478857537 -0.49630561126240957 1.7057858861692876</Translation>
</Transform>
<VisualProperties>
<Ambient r="0.90980392156862744" g="0.59215686274509804" b="0.31764705882352939" a="1"/>
<Diffuse r="0.90980392156862744" g="0.59215686274509804" b="0.31764705882352939" a="1"/>
<Specular r="0.45490196078431372" g="0.29607843137254902" b="0.1588235294117647" a="1"/>
<Emissive r="0" g="0" b="0" a="1"/>
<Shininess>0.3125</Shininess>
</VisualProperties>
</Instance>
